[
  [0.001115352, 0.000637098, 0.000856310, 0.000304550, 0.000217347, 0.000474303, 0.000598400, 0.000294633, 0.000589376, 0.000894662],
  [0.000637098, 0.000909533, 0.000841462, 0.000531968, 0.000417372, 0.000547532, 0.000673199, 0.000497978, 0.000681357, 0.000485480],
  [0.000856310, 0.000841462, 0.001376044, 0.000464522, 0.000428622, 0.000693417, 0.000919832, 0.000453689, 0.000878923, 0.000670232],
  [0.000304550, 0.000531968, 0.000464522, 0.000747282, 0.000538555, 0.000378618, 0.000489359, 0.000612693, 0.000562665, 0.000254707],
  [0.000217347, 0.000417372, 0.000428622, 0.000538555, 0.000822155, 0.000310244, 0.000434754, 0.000586295, 0.000497763, 0.000181415],
  [0.000474303, 0.000547532, 0.000693417, 0.000378618, 0.000310244, 0.001052819, 0.000772127, 0.000353219, 0.000759545, 0.000395841],
  [0.000598400, 0.000673199, 0.000919832, 0.000489359, 0.000434754, 0.000772127, 0.001043075, 0.000476803, 0.000944418, 0.000479887],
  [0.000294633, 0.000497978, 0.000453689, 0.000612693, 0.000586295, 0.000353219, 0.000476803, 0.000944244, 0.000536751, 0.000257068],
  [0.000589376, 0.000681357, 0.000878923, 0.000562665, 0.000497763, 0.000759545, 0.000944418, 0.000536751, 0.001156877, 0.000453323],
  [0.000894662, 0.000485480, 0.000670232, 0.000254707, 0.000181415, 0.000395841, 0.000479887, 0.000257068, 0.000453323, 0.001137903]
]