[[0.2810687 , 0.1605487 , 0.21579012, 0.0767466 , 0.05477144,
        0.11952436, 0.1507968 , 0.07424752, 0.14852275, 0.22545482],
       [0.1605487 , 0.22920232, 0.21204842, 0.13405594, 0.10517774,
        0.13797806, 0.16964615, 0.12549046, 0.17170196, 0.12234096],
       [0.21579012, 0.21204842, 0.34676309, 0.11705954, 0.10801274,
        0.17474108, 0.23179766, 0.11432963, 0.2214886 , 0.16889846],
       [0.0767466 , 0.13405594, 0.11705954, 0.18831506, 0.13571586,
        0.09541174, 0.12331847, 0.15439864, 0.14179158, 0.06418616],
       [0.05477144, 0.10517774, 0.10801274, 0.13571586, 0.20718306,
        0.07818149, 0.10955801, 0.14774634, 0.12543628, 0.04571658],
       [0.11952436, 0.13797806, 0.17474108, 0.09541174, 0.07818149,
        0.26531039, 0.194576  , 0.08901119, 0.19140534, 0.09975193],
       [0.1507968 , 0.16964615, 0.23179766, 0.12331847, 0.10955801,
        0.194576  , 0.2628549 , 0.12015436, 0.23799334, 0.12093152],
       [0.07424752, 0.12549046, 0.11432963, 0.15439864, 0.14774634,
        0.08901119, 0.12015436, 0.23794949, 0.13526125, 0.06478114],
       [0.14852275, 0.17170196, 0.2214886 , 0.14179158, 0.12543628,
        0.19140534, 0.23799334, 0.13526125, 0.291533  , 0.1142374 ],
       [0.22545482, 0.12234096, 0.16889846, 0.06418616, 0.04571658,
        0.09975193, 0.12093152, 0.06478114, 0.1142374 , 0.28675156]]